MatLab_Code/Ut_3D.grd
DSAA
101 101
-2500 2500
-2500 2500
-22.4777 114.037
[rows 56 to 83 of 101, columns 0 to 64 of 101]
3.74832 3.85913 3.97254 4.08899 4.20888 4.3326 4.46045 4.59276 4.72976 4.87169 5.01871 5.17096 5.3285 5.49134 5.65935 5.83225 6.00953 6.19047 6.37361 6.55684 6.73778 6.91308 7.07809 7.22718 7.35357 7.44941 7.50592 7.5137 7.46321 7.34532 7.15198 6.87699 6.5164 6.06924 5.53784 4.92779 4.24777 3.50921 2.72563 1.912 1.08392 0.25681 -0.55456 -1.33683 -2.0787 -2.77089 -3.40638 -3.98038 -4.49032 -4.93564 -5.31747 -5.63852 -5.90282 -6.11541 -6.28214 -6.40937 -6.50379 -6.57219 -6.62135 -6.65789 -6.68822 -6.71852 -6.75478 -6.80286 -6.86859
3.6482 3.74758 3.84867 3.95177 4.05711 4.16491 4.2753 4.38837 4.50417 4.62271 4.74396 4.86787 4.99439 5.12345 5.25493 5.38867 5.52439 5.66147 5.7993 5.9369 6.07211 6.2021 6.32335 6.43106 6.51919 6.58042 6.60628 6.58745 6.51415 6.37682 6.16686 5.8774 5.50435 5.04683 4.5074 3.89239 3.21161 2.47781 1.70597 0.91239 0.113783 -0.67363 -1.43528 -2.15865 -2.83347 -3.45227 -4.01017 -4.50475 -4.93562 -5.30414 -5.61322 -5.86685 -6.0699 -6.22792 -6.34689 -6.43305 -6.4928 -6.5325 -6.55841 -6.57664 -6.59306 -6.61334 -6.64296 -6.68725 -6.75146
3.55615 3.64532 3.73546 3.82676 3.9193 4.01314 4.10822 4.20444 4.30164 4.39961 4.49813 4.59697 4.69595 4.79497 4.89397 4.99299 5.09212 5.19157 5.29106 5.38988 5.4875 5.58246 5.672 5.7523 5.81805 5.86239 5.87686 5.85162 5.77589 5.63868 5.42974 5.14076 4.7661 4.30393 3.75701 3.13243 2.44147 1.69891 0.922078 0.129714 -0.659322 -1.42738 -2.15867 -2.84042 -3.46356 -4.02232 -4.51411 -4.93896 -5.29907 -5.59813 -5.84086 -6.03267 -6.17937 -6.28702 -6.36176 -6.40973 -6.43697 -6.4494 -6.45272 -6.45243 -6.45381 -6.4619 -6.48151 -6.5173 -6.57373
3.47264 3.5529 3.6336 3.7148 3.79647 3.8785 3.96066 4.04266 4.12411 4.20458 4.28362 4.36082 4.43586 4.50858 4.57904 4.64752 4.71457 4.78074 4.84711 4.91477 4.98379 5.05378 5.12373 5.1911 5.25153 5.29862 5.32362 5.3156 5.26178 5.1484 4.96196 4.69066 4.32645 3.86597 3.31115 2.66985 1.95535 1.18543 0.381098 -0.434947 -1.23998 -2.01283 -2.73596 -3.39608 -3.98437 -4.49683 -4.93351 -5.29754 -5.59411 -5.8296 -6.01097 -6.14528 -6.23942 -6.30002 -6.33338 -6.3455 -6.34207 -6.32848 -6.30984 -6.29102 -6.2766 -6.27093 -6.27812 -6.30203 -6.34632
3.398 3.47079 3.54368 3.61665 3.68956 3.76216 3.83405 3.90474 3.97359 4.03993 4.10304 4.16225 4.21707 4.26726 4.31294 4.35473 4.39375 4.43186 4.47082 4.51252 4.5596 4.61403 4.67636 4.74582 4.81945 4.89149 4.95283 4.99078 4.98937 4.93029 4.79462 4.56529 4.22892 3.77844 3.21483 2.54676 1.79027 0.967519 0.105057 -0.768207 -1.62339 -2.43427 -3.17883 -3.84144 -4.4139 -4.89436 -5.2863 -5.59682 -5.83512 -6.0111 -6.13444 -6.21413 -6.2583 -6.2742 -6.26829 -6.24638 -6.21374 -6.17521 -6.13526 -6.09805 -6.06745 -6.04707 -6.04027 -6.05015 -6.07951
3.33249 3.39933 3.46618 3.53295 3.59943 3.66523 3.72982 3.79246 3.85227 3.90827 3.95938 4.00462 4.04318 4.07466 4.09919 4.11767 4.13187 4.14426 4.15874 4.18005 4.21226 4.25956 4.32575 4.41275 4.51981 4.64245 4.77136 4.89166 4.98272 5.01919 4.9733 4.81818 4.53279 4.1047 3.53183 2.82367 2.0001 1.08958 0.126806 -0.849913 -1.80185 -2.69331 -3.49607 -4.19138 -4.77035 -5.23404 -5.59081 -5.85355 -6.03687 -6.15528 -6.22197 -6.2483 -6.24381 -6.21638 -6.17259 -6.11798 -6.05731 -5.99478 -5.93417 -5.87889 -5.83207 -5.79657 -5.77501 -5.76971 -5.78271
3.27623 3.33874 3.40144 3.46423 3.52684 3.5888 3.64942 3.70775 3.76262 3.81264 3.85631 3.89214 3.91885 3.93567 3.94259 3.94071 3.93254 3.92237 3.91537 3.91788 3.93832 3.98511 4.06555 4.18558 4.34811 4.55127 4.78644 5.03642 5.27439 5.46459 5.56548 5.53562 5.33936 4.95385 4.37329 3.60819 2.68382 1.63751 0.515633 -0.62956 -1.74426 -2.77891 -3.693 -4.46074 -5.07353 -5.53698 -5.8671 -6.08529 -6.21409 -6.27431 -6.28358 -6.25613 -6.203 -6.13271 -6.05179 -5.96536 -5.87759 -5.79193 -5.71136 -5.63851 -5.57575 -5.52519 -5.48872 -5.46795 -5.4642
3.2292 3.28908 3.34967 3.41089 3.47248 3.53392 3.59439 3.65275 3.70749 3.75675 3.79843 3.83032 3.85039 3.85716 3.85016 3.83048 3.80119 3.76741 3.73752 3.72242 3.73352 3.78371 3.88665 4.05441 4.29591 4.61434 5.00391 5.44614 5.90674 6.3351 6.66794 6.83793 6.78739 6.47808 5.8962 5.05372 3.98374 2.73575 1.37223 -0.0345102 -1.40715 -2.67146 -3.76862 -4.66289 -5.34404 -5.82546 -6.1357 -6.3095 -6.3809 -6.3793 -6.32806 -6.24468 -6.14178 -6.02829 -5.91048 -5.79287 -5.67879 -5.57082 -5.47107 -5.38135 -5.30323 -5.23807 -5.18706 -5.15116 -5.13107
3.19123 3.25027 3.31091 3.37318 3.43689 3.50155 3.5663 3.6298 3.69022 3.74513 3.79164 3.82651 3.84651 3.84894 3.83233 3.79726 3.74724 3.68965 3.63483 3.59662 3.59371 3.64671 3.77658 4.00431 4.34837 4.82125 5.42442 6.14145 6.93086 7.72179 8.4176 8.91059 9.10206 8.92535 8.35752 7.41411 6.13998 4.60078 2.87965 1.07672 -0.695153 -2.32359 -3.71428 -4.81131 -5.60545 -6.12459 -6.41862 -6.54344 -6.55009 -6.47962 -6.36234 -6.21933 -6.06456 -5.90699 -5.75228 -5.60398 -5.46436 -5.33499 -5.21699 -5.11129 -5.01863 -4.93967 -4.87491 -4.82473 -4.78926
3.16196 3.22201 3.28497 3.3511 3.4204 3.49253 3.56668 3.64145 3.71467 3.7833 3.84345 3.89044 3.91924 3.92511 3.90463 3.85701 3.78541 3.69775 3.60892 3.54002 3.51539 3.56405 3.71882 4.01341 4.48078 5.14932 6.03583 7.13409 8.39982 9.73734 10.9982 12.0022 12.5838 12.6321 12.1086 11.0387 9.48621 7.53703 5.29746 2.90283 0.520147 -1.66927 -3.51236 -4.92116 -5.88601 -6.4626 -6.7383 -6.80291 -6.73201 -6.58185 -6.39077 -6.18323 -5.97394 -5.77126 -5.57963 -5.40123 -5.23702 -5.08732 -4.9522 -4.83161 -4.7255 -4.6338 -4.5564 -4.49312 -4.44363
3.14085 3.20375 3.2714 3.34438 3.42306 3.50744 3.59696 3.69032 3.78517 3.87787 3.96332 4.03498 4.08515 4.10582 4.09013 4.03431 3.94011 3.81741 3.68362 3.56489 3.49788 3.52504 3.69256 4.05115 4.65437 5.55568 6.80054 8.40947 10.3499 12.5024 14.6424 16.4707 17.6916 18.1126 17.6849 16.462 14.5422 12.0334 9.05969 5.79316 2.47846 -0.589566 -3.13898 -5.01633 -6.22362 -6.87262 -7.11722 -7.10066 -6.9329 -6.68862 -6.41435 -6.1369 -5.87053 -5.622 -5.39381 -5.1863 -4.99874 -4.83008 -4.67918 -4.54504 -4.42678 -4.32364 -4.23493 -4.15998 -4.09806
3.1271 3.19467 3.26939 3.35234 3.44449 3.54643 3.6582 3.77891 3.90633 4.03642 4.16285 4.27672 4.36663 4.41955 4.42271 4.36666 4.24903 4.07791 3.87674 3.68353 3.54549 3.52007 3.67329 4.07728 4.8124 5.96798 7.63694 9.89557 12.7574 16.0998 19.5942 22.7229 24.9582 25.973 25.7148 24.3124 21.9283 18.6902 14.7147 10.1906 5.46646 1.04652 -2.5792 -5.14303 -6.67176 -7.39187 -7.57417 -7.44292 -7.15239 -6.7971 -6.42993 -6.07786 -5.75282 -5.45864 -5.19505 -4.96 -4.75084 -4.56494 -4.39993 -4.25381 -4.1249 -4.01179 -3.91327 -3.82824 -3.75561
3.11965 3.19362 3.27771 3.37379 3.48368 3.60898 3.75077 3.90914 4.08258 4.26717 4.45562 4.63641 4.79331 4.90586 4.95165 4.91076 4.77244 4.54294 4.2478 3.93437 3.67253 3.54358 3.63491 4.04318 4.87942 6.27751 8.39857 11.4159 15.4549 20.4553 25.9813 31.1629 34.9975 36.9003 36.8889 35.2747 32.3408 28.2225 22.9672 16.7113 9.90527 3.39366 -1.87526 -5.39855 -7.30614 -8.05708 -8.1178 -7.82434 -7.38067 -6.89764 -6.42986 -6.0007 -5.61739 -5.27933 -4.98268 -4.72254 -4.49413 -4.29315 -4.11601 -3.95971 -3.82183 -3.70037 -3.59364 -3.50018 -3.41862
3.11718 3.19905 3.29465 3.40688 3.53882 3.69357 3.87391 4.08179 4.31741 4.57807 4.85645 5.13877 5.40306 5.61852 5.74751 5.7517 5.60267 5.29461 4.85912 4.36582 3.90855 3.59831 3.55359 3.89665 4.76686 6.34257 8.86411 12.6415 18.0011 25.0836 33.4124 41.5351 47.6231 50.6882 50.9364 49.0591 45.5376 40.4895 33.7941 25.3851 15.7409 6.27386 -1.25921 -5.97346 -8.21912 -8.88791 -8.7338 -8.22147 -7.59588 -6.97333 -6.40217 -5.89757 -5.45939 -5.08139 -4.75547 -4.47371 -4.22906 -4.01565 -3.82865 -3.6642 -3.51917 -3.39107 -3.2778 -3.17759 -3.08885
3.11808 3.20901 3.31793 3.449 3.60706 3.79728 4.02514 4.29555 4.61213 4.97522 5.37964 5.81095 6.24175 6.62797 6.90923 7.01537 6.88461 6.48984 5.85837 5.08161 4.30765 3.7 3.41281 3.59027 4.38874 6.01195 8.76517 13.0931 19.5821 28.7171 40.2063 52.0283 60.8319 64.9796 65.3052 63.0826 59.035 53.2277 45.2822 34.7667 21.9546 8.80962 -1.40319 -7.16481 -9.47703 -9.85342 -9.37018 -8.58789 -7.76411 -7.00102 -6.33213 -5.75924 -5.27349 -4.86185 -4.51215 -4.21317 -3.95603 -3.73318 -3.53892 -3.36846 -3.21825 -3.08524 -2.96712 -2.8618 -2.76759
3.1205 3.22114 3.34473 3.49663 3.68435 3.91543 4.19965 4.54592 4.96422 5.46026 6.03571 6.67858 7.36018 8.02103 8.57057 8.88469 8.83839 8.34384 7.42381 6.21856 4.95709 3.88029 3.20745 3.09021 3.68598 5.17072 7.87704 12.2805 19.1843 29.2926 42.8589 57.6587 67.9713 72.1147 72.0877 69.4289 65.0626 58.9624 50.5118 39.0028 24.1474 8.09074 -3.53986 -9.18408 -11.0202 -10.827 -9.93214 -8.85485 -7.8452 -6.9541 -6.2056 -5.57629 -5.05548 -4.61781 -4.25211 -3.94052 -3.67576 -3.44629 -3.24797 -3.07339 -2.92032 -2.78386 -2.66281 -2.55373 -2.45586
3.12229 3.23279 3.37155 3.54547 3.7652 4.04145 4.38949 4.82428 5.365 6.02726 6.82561 7.75862 8.80466 9.89416 10.9 11.6159 11.7988 11.2441 9.9214 8.0317 5.9857 4.18688 2.93838 2.38515 2.64201 3.80141 6.13488 10.0145 16.2058 25.2978 37.7357 50.9616 59.0398 61.5849 60.6994 57.6344 53.2878 47.5518 39.7846 29.3268 15.6831 1.31534 -7.93324 -11.7902 -12.5272 -11.601 -10.2891 -8.95333 -7.79748 -6.8121 -6.00963 -5.34335 -4.80164 -4.34863 -3.97473 -3.65653 -3.38864 -3.15614 -2.95654 -2.78018 -2.62617 -2.48801 -2.36558 -2.25426 -2.1542
3.12113 3.24111 3.39438 3.5905 3.84273 4.1667 4.5833 5.11683 5.79772 6.65852 7.73362 9.04698 10.599 12.3306 14.0824 15.5398 16.2437 15.7209 13.8062 10.8457 7.56131 4.66721 2.60083 1.47891 1.29028 2.00294 3.71384 6.62194 11.1477 17.5675 25.765 33.3455 37.1517 37.5321 35.6353 32.4148 28.4578 23.6648 17.6171 9.93928 0.66954 -7.89117 -12.6715 -14.1179 -13.5091 -11.9603 -10.3248 -8.83548 -7.5921 -6.5654 -5.7369 -5.05986 -4.51043 -4.05576 -3.6801 -3.36294 -3.09521 -2.8643 -2.66524 -2.49015 -2.33636 -2.19874 -2.07586 -1.96417 -1.86284
3.11487 3.24291 3.40916 3.62589 3.90926 4.28037 4.76674 5.40383 6.23669 7.32067 8.72025 10.502 12.7158 15.3517 18.2563 21.0025 22.7908 22.6226 19.9109 15.1714 9.85908 5.32396 2.16295 0.369116 -0.295253 -0.0526947 0.980454 2.79709 5.4505 8.8945 12.6425 15.394 16.0925 14.856 12.3799 9.35265 6.06572 2.48915 -1.53021 -6.05508 -10.6933 -14.2265 -15.6721 -15.2229 -13.6597 -11.7772 -10.0051 -8.48357 -7.22999 -6.21298 -5.39203 -4.72723 -4.18578 -3.74063 -3.37112 -3.06087 -2.7976 -2.5716 -2.37564 -2.2039 -2.05204 -1.91646 -1.79444 -1.68365 -1.58223
3.10141 3.2352 3.41176 3.64567 3.95649 4.37047 4.92285 5.66085 6.64721 7.96423 9.71672 12.031 15.0409 18.8425 23.374 28.1623 31.9516 32.6896 28.8741 21.3487 12.9139 6.04033 1.53142 -0.96047 -2.03597 -2.1764 -1.6908 -0.766488 0.449395 1.74301 2.72731 2.90094 1.93533 -0.0130652 -2.46021 -5.02173 -7.52786 -9.94804 -12.2778 -14.4186 -16.0726 -16.8073 -16.3501 -14.9069 -13.0097 -11.0926 -9.37511 -7.9248 -6.73411 -5.76817 -4.98652 -4.35212 -3.83386 -3.40682 -3.05138 -2.75237 -2.49802 -2.2793 -2.08918 -1.92222 -1.77415 -1.64162 -1.52192 -1.41286 -1.31262
3.07891 3.21538 3.39833 3.64433 3.97619 4.42494 5.03355 5.86089 6.98842 8.52717 10.6281 13.4886 17.3544 22.4817 29.0097 36.5578 43.4539 46.2022 41.1748 29.3047 16.2902 6.49098 0.54965 -2.5316 -3.86521 -4.21596 -4.05294 -3.66755 -3.27639 -3.09018 -3.33652 -4.20177 -5.69057 -7.60006 -9.6553 -11.6326 -13.4074 -14.9172 -16.1034 -16.8634 -17.0446 -16.5126 -15.2997 -13.6353 -11.8139 -10.0699 -8.52658 -7.21998 -6.13965 -5.25598 -4.53525 -3.94603 -3.4616 -3.06015 -2.72438 -2.44066 -2.19839 -1.98929 -1.80693 -1.64625 -1.5033 -1.3749 -1.25853 -1.15212 -1.05396
3.04608 3.18133 3.36587 3.61705 3.96132 4.43262 5.08213 5.9773 7.21923 8.94284 11.3481 14.6971 19.3607 25.7572 34.3015 44.7471 55.2907 60.9544 54.2778 36.6714 18.7183 6.20909 -0.930583 -4.33498 -5.71867 -6.07631 -6.00254 -5.82283 -5.75841 -5.96092 -6.54376 -7.53825 -8.88328 -10.4252 -11.9794 -13.3945 -14.5712 -15.442 -15.9488 -16.028 -15.6265 -14.7435 -13.4618 -11.9419 -10.3697 -8.88524 -7.5655 -6.43523 -5.48828 -4.70362 -4.05612 -3.52118 -3.07737 -2.70661 -2.39436 -2.12887 -1.90097 -1.7033 -1.53016 -1.37696 -1.24015 -1.11678 -1.00457 -0.901566 -0.806227
3.00214 3.13196 3.3123 3.56076 3.90654 4.38535 5.05481 5.98865 7.30374 9.15376 11.7787 15.4924 20.7666 28.1453 38.2523 50.9093 64.1203 71.2369 62.2608 40.3064 19.1573 4.88144 -2.9002 -6.29778 -7.51666 -7.70478 -7.53264 -7.32181 -7.27347 -7.48299 -8.00127 -8.80872 -9.83114 -10.9457 -12.0305 -12.9758 -13.7037 -14.1552 -14.2883 -14.0715 -13.4984 -12.5986 -11.4549 -10.1817 -8.89222 -7.6741 -6.57951 -5.62785 -4.8179 -4.13646 -3.56636 -3.08944 -2.68947 -2.35206 -2.06554 -1.82007 -1.60802 -1.42298 -1.26009 -1.11524 -0.985324 -0.867669 -0.760251 -0.661262 -0.569331
2.94705 3.06715 3.23693 3.47429 3.80918 4.27876 4.94336 5.88145 7.21823 9.12118 11.8532 15.7644 21.3814 29.3214 40.2808 54.0609 68.3106 75.3742 64.745 40.5646 17.7301 2.66639 -5.15979 -8.28038 -9.16774 -9.06885 -8.67716 -8.2998 -8.10755 -8.15725 -8.46427 -8.98652 -9.65899 -10.3897 -11.0879 -11.6712 -12.0793 -12.2661 -12.2038 -11.879 -11.3022 -10.5097 -9.56252 -8.53454 -7.50122 -6.52004 -5.6275 -4.8394 -4.15771 -3.57505 -3.08043 -2.6611 -2.30523 -2.00182 -1.74175 -1.51709 -1.32158 -1.14985 -0.997795 -0.861856 -0.739348 -0.627899 -0.525731 -0.431217 -0.343137
2.88171 2.98777 3.14086 3.35845 3.67008 4.11268 4.74676 5.65175 6.95536 8.83011 11.5481 15.4744 21.1565 29.2339 40.4061 54.4097 68.6981 75.3673 63.8347 38.5949 15.1298 0.0413619 -7.44785 -10.1213 -10.589 -10.1441 -9.47788 -8.8753 -8.47826 -8.31593 -8.38367 -8.63399 -9.00731 -9.4278 -9.82836 -10.1457 -10.3337 -10.357 -10.1973 -9.84966 -9.32737 -8.65882 -7.88941 -7.07013 -6.24915 -5.46462 -4.74258 -4.09565 -3.52737 -3.03412 -2.60928 -2.24423 -1.93063 -1.66029 -1.42628 -1.22233 -1.04344 -0.885214 -0.74423 -0.617471 -0.502653 -0.39771 -0.3011 -0.211379 -0.127477
2.80774 2.89584 3.02665 3.21642 3.49319 3.89195 4.47085 5.30651 6.52339 8.29068 10.8775 14.6466 20.145 28.0115 38.9399 52.6473 66.5565 72.7544 60.7795 35.3471 12.0383 -2.62054 -9.55905 -11.6988 -11.7165 -10.9155 -9.96919 -9.13564 -8.53046 -8.16174 -8.01178 -8.02851 -8.15955 -8.34258 -8.52336 -8.65155 -8.69133 -8.61537 -8.4111 -8.07601 -7.62194 -7.07078 -6.45302 -5.8014 -5.14916 -4.52217 -3.93907 -3.40975 -2.93816 -2.52292 -2.16029 -1.84459 -1.5701 -1.33083 -1.12165 -0.93769 -0.775035 -0.630108 -0.500136 -0.382589 -0.275555 -0.177256 -0.0863744 -0.00164487 0.0778608
2.72745 2.79439 2.89828 3.05348 3.2855 3.62588 4.12807 4.86236 5.94479 7.53357 9.88406 13.3434 18.4437 25.8156 36.1641 49.2542 62.6076 68.4575 56.4734 31.403 8.7382 -5.16273 -11.388 -12.9405 -12.5098 -11.3756 -10.1771 -9.1402 -8.35519 -7.81295 -7.4866 -7.32315 -7.27346 -7.28232 -7.30596 -7.30317 -7.24546 -7.11087 -6.88986 -6.58026 -6.19072 -5.73547 -5.23616 -4.71529 -4.19459 -3.69152 -3.21952 -2.78614 -2.39514 -2.04631 -1.73776 -1.46579 -1.22657 -1.0158 -0.829716 -0.664591 -0.517412 -0.385307 -0.266059 -0.157566 -0.0582523 0.0333973 0.118494 0.198138 0.273123
2.64372 2.68726 2.76089 2.87659 3.05649 3.32743 3.73625 4.34394 5.25354 6.60537 8.63108 11.6485 16.1586 22.772 32.2123 44.3458 56.9143 62.4468 50.8041 26.6561 5.19017 -7.5678 -12.8904 -13.8041 -12.9443 -11.5226 -10.1221 -8.92924 -8.00909 -7.33769 -6.88127 -6.58527 -6.40463 -6.29072 -6.20586 -6.11513 -5.99528 -5.82787 -5.605 -5.32389 -4.99033 -4.61398 -4.20886 -3.78915 -3.37017 -2.96385 -2.57986 -2.22383 -1.89908 -1.60595 -1.34363 -1.10972 -0.901759 -0.716628 -0.551643 -0.403953 -0.271277 -0.151324 -0.0423454 0.057392 0.14917 0.234271 0.313621 0.388168 0.458586
