MatLab_Code/Ut_3D.grd
DSAA
101 101
-2500 2500
-2500 2500
-22.4777 114.037
[rows 28 to 55 of 101, columns 0 to 64 of 101]
6.29854 6.66843 7.06147 7.48041 7.92799 8.40719 8.92097 9.47249 10.0649 10.7013 11.3849 12.1186 12.9054 13.7475 14.647 15.6052 16.6225 17.6983 18.8304 20.0152 21.2471 22.5181 23.818 25.1334 26.4488 27.7454 29.0023 30.1961 31.3022 32.2949 33.1494 33.8416 34.3502 34.6569 34.7483 34.6158 34.2566 33.6734 32.8754 31.8767 30.6977 29.3629 27.9018 26.3466 24.7335 23.0992 21.4829 19.9221 18.4564 17.122 15.9568 14.9954 14.2764 13.8366 13.7217 13.9795 14.6756 15.8842 17.7114 20.2812 23.7687 28.3691 34.3349 41.8717 51.137
6.31118 6.68701 7.08692 7.51382 7.97064 8.46057 8.98682 9.55279 10.1619 10.8177 11.5235 12.2829 13.099 13.9746 14.9123 15.9136 16.9795 18.1096 19.3022 20.5539 21.8589 23.2093 24.5942 25.9999 27.4096 28.8033 30.1582 31.4489 32.6484 33.7287 34.6618 35.4211 35.983 36.3273 36.4386 36.3071 35.9293 35.3078 34.4522 33.3776 32.106 30.6634 29.082 27.3963 25.6453 23.8682 22.107 20.402 18.7942 17.3213 16.0221 14.9314 14.087 13.5241 13.2857 13.4159 13.9754 15.032 16.684 19.0448 22.2776 26.5623 32.1361 39.1898 47.8746
6.31411 6.69465 7.10009 7.53349 7.99797 8.49691 9.03373 9.61209 10.2357 10.9084 11.6339 12.4161 13.2585 14.1644 15.1366 16.1774 17.288 18.4685 19.7175 21.0317 22.4055 23.8308 25.2966 26.7883 28.2882 29.775 31.2243 32.6085 33.8984 35.0633 36.0727 36.8976 37.5116 37.8919 38.0219 37.8903 37.4933 36.8332 35.92 34.77 33.4063 31.8571 30.1566 28.342 26.4545 24.5364 22.6319 20.7832 19.0336 17.4223 15.9883 14.7657 13.791 13.0968 12.722 12.7054 13.1 13.9633 15.3795 17.4436 20.2927 24.0731 28.9778 35.1493 42.6954
6.3069 6.69082 7.10034 7.53866 8.00906 8.51508 9.06037 9.64882 10.2844 10.9712 11.7134 12.515 13.3801 14.3124 15.315 16.3907 17.5412 18.7669 20.0667 21.4377 22.8743 24.3685 25.9087 27.4801 29.0639 30.6375 32.175 33.6468 35.0214 36.2656 37.3463 38.2312 38.8922 39.3054 39.4516 39.3186 38.9014 38.2027 37.2328 36.009 34.5557 32.9031 31.0873 29.148 27.1288 25.0746 23.0319 21.0459 19.1603 17.4147 15.8486 14.496 13.3905 12.5622 12.0444 11.8702 12.0816 12.7257 13.8667 15.5787 17.9622 21.1244 25.1939 30.2589 36.3552
6.28923 6.67511 7.08717 7.52869 8.00312 8.51414 9.06561 9.6616 10.3063 11.0042 11.7595 12.5769 13.4605 14.4146 15.4427 16.548 17.7325 18.9971 20.341 21.7616 23.2534 24.8084 26.4149 28.0573 29.7162 31.3679 32.9848 34.5356 35.9867 37.3023 38.4483 39.3933 40.1009 40.5423 40.7013 40.5644 40.1262 39.3893 38.3644 37.0698 35.5311 33.7805 31.8558 29.7991 27.6561 25.4743 23.3008 21.1796 19.1611 17.2893 15.5982 14.1215 12.8897 11.9302 11.2698 10.9357 10.9586 11.3738 12.2255 13.5659 15.4586 17.9724 21.1748 25.1055 29.7419
6.26084 6.64722 7.06018 7.50311 7.97956 8.49337 9.04854 9.64933 10.3002 11.0056 11.7704 12.5993 13.4969 14.4676 15.5156 16.6442 17.856 19.152 20.5322 21.9937 23.5317 25.1377 26.8002 28.5029 30.226 31.9444 33.6296 35.248 36.7651 38.141 39.3472 40.3543 41.0972 41.5563 41.7243 41.5804 41.1204 40.3459 39.2687 37.9077 36.2898 34.4489 32.4243 30.2606 28.0046 25.7078 23.4112 21.1562 19.0211 17.0392 15.2336 13.6434 12.2946 11.2121 10.4167 9.92893 9.76979 9.96245 10.5343 11.5163 12.944 14.8515 17.2661 20.1902 23.5837
6.22163 6.60698 7.01915 7.46159 7.93798 8.45223 9.0085 9.61116 10.2648 10.9743 11.7445 12.5803 13.4868 14.4686 15.5302 16.6753 17.9067 19.2261 20.6333 22.126 23.6994 25.3451 27.0515 28.8019 30.576 32.3476 34.0874 35.7598 37.3296 38.7532 40.0064 41.0491 41.8024 42.2704 42.4421 42.2877 41.8049 40.9941 39.8682 38.4465 36.7575 34.8361 32.7232 30.4656 28.1108 25.7141 23.3114 20.9545 18.7343 16.659 14.7537 13.0643 11.6122 10.4199 9.50282 8.87546 8.55027 8.54023 8.85922 9.52191 10.5436 11.9357 13.7029 15.8325 18.2898
6.17159 6.55435 6.96399 7.40403 7.87819 8.39047 8.94512 9.54662 10.1997 10.9093 11.6806 12.5186 13.4286 14.4155 15.484 16.638 17.8809 19.2143 20.6386 22.1515 23.7486 25.4213 27.158 28.9418 30.7518 32.5612 34.3398 36.0507 37.6574 39.1148 40.397 41.4579 42.2204 42.6936 42.862 42.6939 42.187 41.3418 40.1716 38.6966 36.946 34.9561 32.769 30.433 27.9968 25.5173 23.0316 20.5967 18.3007 16.1457 14.1597 12.3882 10.8504 9.56558 8.54483 7.79749 7.32932 7.14527 7.24961 7.64589 8.33724 9.32341 10.6007 12.1568 13.9749
6.11085 6.48945 6.89482 7.33048 7.80023 8.30808 8.85833 9.45555 10.1046 10.8104 11.5782 12.4134 13.3212 14.3068 15.3752 16.5303 17.7758 19.1137 20.5443 22.0658 23.6736 25.3594 27.1116 28.913 30.7425 32.5726 34.3726 36.1046 37.7312 39.2061 40.5022 41.5732 42.3401 42.8104 42.9688 42.7833 42.2516 41.3742 40.1651 38.6451 36.844 34.7994 32.554 30.1573 27.6593 25.1174 22.5696 20.0726 17.7154 15.5005 13.4543 11.621 10.0174 8.66022 7.55704 6.71298 6.12886 5.80398 5.73639 5.92318 6.3616 7.0475 7.97765 9.14806 10.5615
6.03965 6.41253 6.81189 7.24124 7.70437 8.20531 8.74839 9.33818 9.97954 10.6775 11.4374 12.2646 13.1646 14.1424 15.2033 16.3514 17.5904 18.9224 20.3482 21.8658 23.471 25.1554 26.9073 28.7096 30.541 32.3738 34.1766 35.9112 37.5395 39.0144 40.3083 41.3736 42.1313 42.5889 42.7304 42.5237 41.9666 41.06 39.8182 38.2624 36.4235 34.3391 32.0531 29.6155 27.0766 24.4945 21.9076 19.3729 16.9789 14.727 12.643 10.7697 9.12198 7.71432 6.55151 5.63555 4.9638 4.53194 4.33445 4.3654 4.62028 5.09551 5.79233 6.71673 7.88806
5.95838 6.32402 6.71566 7.13678 7.59114 8.08274 8.61588 9.19512 9.8253 10.5115 11.2589 12.073 12.9593 13.9228 14.9688 16.1016 17.3249 18.6409 20.0504 21.5516 23.1402 24.8081 26.5437 28.3297 30.145 31.9615 33.7481 35.4661 37.0773 38.5343 39.8094 40.8549 41.5916 42.0266 42.1443 41.9129 41.3302 40.3978 39.1301 37.549 35.6854 33.5776 31.2695 28.8116 26.2542 23.6555 21.0535 18.5048 16.0974 13.8322 11.7336 9.84281 8.17336 6.73761 5.53827 4.57509 3.84319 3.33614 3.04671 2.9681 3.09624 3.43007 3.97609 4.74892 5.77977
5.86754 6.22448 6.60675 7.01778 7.46128 7.94118 8.46171 9.02737 9.64293 10.3134 11.0439 11.8399 12.7067 13.6496 14.6735 15.7828 16.9812 18.2708 19.6526 21.1248 22.6832 24.3197 26.0228 27.7754 29.5563 31.3379 33.089 34.7712 36.3465 37.7677 39.0073 40.018 40.7208 41.1236 41.211 40.9516 40.3438 39.3894 38.1033 36.5075 34.6333 32.5189 30.2082 27.7512 25.1983 22.6067 20.0142 17.4765 15.0805 12.8259 10.7359 8.85039 7.18129 5.73938 4.52577 3.53866 2.7718 2.21766 1.86846 1.71762 1.76243 2.0046 2.45516 3.13489 4.08236
5.76777 6.11461 6.48595 6.88514 7.31579 7.78173 8.28711 8.83628 9.43393 10.0849 10.7943 11.5674 12.4093 13.3252 14.32 15.3979 16.5626 17.8161 19.1593 20.5902 22.105 23.6955 25.3503 27.0526 28.7817 30.51 32.207 33.8347 35.3558 36.7238 37.9121 38.874 39.5315 39.893 39.9442 39.6541 39.022 38.0499 36.7532 35.154 33.2833 31.1792 28.8851 26.4504 23.9245 21.364 18.8051 16.3024 13.9416 11.721 9.6622 7.80376 6.15611 4.72873 3.52147 2.5315 1.75172 1.17419 0.79113 0.596622 0.58935 0.773318 1.16265 1.78182 2.67313
5.6598 5.99524 6.3542 6.73992 7.15587 7.60576 8.09359 8.62358 9.20025 9.82826 10.5126 11.2581 12.0701 12.9532 13.9123 14.9514 16.074 17.2819 18.576 19.9543 21.4129 22.9436 24.5354 26.1716 27.8321 29.4898 31.1151 32.6708 34.1206 35.4192 36.5411 37.441 38.0422 38.3543 38.3639 38.0413 37.3861 36.4011 35.1018 33.5102 31.6572 29.5801 27.3215 24.9298 22.4531 19.9463 17.4443 15 12.6973 10.5328 8.52651 6.71551 5.10886 3.71485 2.53237 1.55785 0.783773 0.202036 -0.194875 -0.41224 -0.450304 -0.303622 0.043565 0.617284 1.4608
5.54447 5.86735 6.21261 6.58336 6.98292 7.41485 7.88297 8.39131 8.94417 9.54602 10.2016 10.9155 11.6927 12.5378 13.4552 14.4488 15.5216 16.6755 17.911 19.2261 20.6168 22.0752 23.5903 25.1461 26.7227 28.2941 29.8316 31.2992 32.6622 33.8766 34.9188 35.7452 36.2805 36.5362 36.5001 36.1436 35.4672 34.4743 33.1804 31.6073 29.7855 27.7513 25.5461 23.2169 20.8099 18.3784 15.955 13.5906 11.367 9.27886 7.34454 5.59939 4.05119 2.70714 1.56535 0.621721 -0.131525 -0.702471 -1.09839 -1.32412 -1.37932 -1.258 -0.944057 -0.411666 0.381333
5.42273 5.732 6.06238 6.41684 6.79852 7.21079 7.65728 8.14177 8.66835 9.2412 9.86476 10.5435 11.2818 12.0841 12.9545 13.8964 14.9128 16.005 17.1735 18.4162 19.7289 21.1039 22.5304 23.9929 25.4723 26.9436 28.3793 29.7449 31.0075 32.1251 33.0761 33.8189 34.2806 34.4741 34.3891 33.9982 33.303 32.3072 31.0265 29.4825 27.7045 25.7281 23.5929 21.3441 19.0257 16.6888 14.3634 12.0981 9.97233 7.97862 6.13328 4.47002 2.99529 1.71529 0.627424 -0.272798 -0.993314 -1.54218 -1.92651 -2.15097 -2.21517 -2.11334 -1.83011 -1.34121 -0.607177
5.29557 5.59034 5.90484 6.24187 6.60439 6.99556 7.41876 7.87754 8.3757 8.91713 9.50596 10.1463 10.8422 11.5977 12.4165 13.3018 14.256 15.2803 16.3748 17.5371 18.7631 20.0453 21.3733 22.7318 24.1029 25.4626 26.7848 28.0369 29.188 30.1984 31.0489 31.7003 32.082 32.2092 32.0734 31.6486 30.9373 29.9437 28.6837 27.1782 25.4557 23.5502 21.4997 19.3469 17.1337 14.9081 12.6978 10.5483 8.53663 6.6526 4.9106 3.3426 1.95372 0.749185 -0.274209 -1.12129 -1.80012 -2.31873 -2.68423 -2.90139 -2.97018 -2.88569 -2.63415 -2.19387 -1.52928
5.16409 5.4436 5.7414 6.06007 6.40238 6.77125 7.16982 7.60135 8.06936 8.57741 9.12926 9.72863 10.3793 11.0848 11.8484 12.6729 13.5603 14.5114 15.5261 16.602 17.7348 18.9169 20.1384 21.3848 22.6388 23.878 25.0778 26.2076 27.2388 28.1344 28.8776 29.4323 29.7302 29.7887 29.6013 29.1438 28.4196 27.4334 26.2009 24.7425 23.0856 21.2626 19.3091 17.2658 15.1714 13.0712 10.9896 8.9692 7.08415 5.32202 3.69474 2.23251 0.939082 -0.181252 -1.13226 -1.91906 -2.54981 -3.03258 -3.37456 -3.58085 -3.65215 -3.58485 -3.3674 -2.98145 -2.39622
5.02937 5.29306 5.57352 5.87312 6.19441 6.54007 6.91297 7.31609 7.75262 8.22579 8.73898 9.29552 9.89877 10.5518 11.2575 12.0182 12.8355 13.7099 14.6409 15.6258 16.6603 17.7371 18.8466 19.975 21.1061 22.2187 23.29 24.2918 25.1978 25.9736 26.6055 27.0597 27.2712 27.2602 27.022 26.5338 25.8001 24.8261 23.6273 22.2234 20.6405 18.9091 17.0626 15.1391 13.1742 11.21 9.26791 7.3874 5.63927 4.00806 2.5038 1.15487 -0.0363138 -1.06636 -1.93956 -2.66128 -3.23977 -3.68316 -3.99883 -4.19232 -4.26529 -4.21577 -4.03479 -3.70783 -3.20953
4.89258 5.14005 5.40271 5.68274 5.98245 6.30427 6.6508 7.02472 7.42888 7.86615 8.33955 8.85198 9.4064 10.0054 10.6515 11.3464 12.0915 12.8868 13.7314 14.6228 15.5563 16.5249 17.5194 18.5266 19.5316 20.5145 21.4544 22.3254 23.1037 23.7579 24.2772 24.6317 24.7582 24.6787 24.3915 23.8754 23.1359 22.1786 21.0188 19.6754 18.173 16.5402 14.8081 13.0118 11.1838 9.3631 7.56731 5.832 4.22579 2.73116 1.35505 0.124009 -0.960869 -1.89705 -2.68933 -3.34328 -3.8672 -4.26929 -4.55716 -4.73689 -4.81118 -4.77989 -4.63677 -4.37137 -3.96401
4.75485 4.98587 5.23048 5.49067 5.7685 6.06615 6.38593 6.73022 7.10154 7.5024 7.93543 8.40313 8.90802 9.45228 10.0379 10.6663 11.3383 12.0538 12.8114 13.6081 14.4398 15.2994 16.1781 17.0637 17.9421 18.7952 19.6039 20.3445 20.9958 21.5294 21.9365 22.1865 22.2252 22.0801 21.747 21.2064 20.4649 19.5283 18.4118 17.1332 15.7157 14.186 12.5726 10.9077 9.22091 7.54735 5.9026 4.32235 2.86591 1.51023 0.264362 -0.84704 -1.82413 -2.66523 -3.37553 -3.9608 -4.42938 -4.7895 -5.049 -5.21449 -5.28977 -5.27644 -5.17105 -4.96712 -4.65062
4.61733 4.83184 5.05836 5.29865 5.55454 5.82796 6.12094 6.43555 6.77397 7.13838 7.53101 7.95399 8.40938 8.89897 9.42432 9.98641 10.5857 11.2215 11.8926 12.5959 13.3269 14.079 14.8436 15.6096 16.3638 17.0898 17.77 18.3838 18.9113 19.3292 19.6234 19.7623 19.7211 19.519 19.1433 18.5826 17.8425 16.9302 15.8599 14.6489 13.3188 11.8942 10.4014 8.86898 7.32452 5.79776 4.30885 2.89416 1.58327 0.361423 -0.754185 -1.74719 -2.61714 -3.36411 -3.99313 -4.51039 -4.92407 -5.24247 -5.47363 -5.62456 -5.70021 -5.70358 -5.63414 -5.48866 -5.25891
4.48114 4.67925 4.88782 5.10837 5.34251 5.59192 5.85835 6.14358 6.44946 6.77784 7.13056 7.50939 7.91598 8.35175 8.81782 9.31484 9.84285 10.4012 10.9879 11.6 12.2331 12.881 13.5354 14.1862 14.821 15.4253 15.9829 16.4759 16.8859 17.1944 17.3835 17.4337 17.3345 17.0822 16.6686 16.092 15.3566 14.4713 13.449 12.3067 11.0642 9.744 8.37047 6.96886 5.56448 4.18199 2.84441 1.57612 0.391674 -0.701055 -1.68958 -2.56733 -3.33301 -3.98847 -4.53844 -4.98957 -5.34977 -5.62739 -5.83059 -5.96666 -6.04156 -6.05947 -6.0224 -5.92995 -5.77896
4.34735 4.52935 4.72028 4.92146 5.13428 5.36017 5.60061 5.8571 6.13116 6.42434 6.73813 7.07393 7.43304 7.81651 8.22511 8.65915 9.11839 9.60177 10.1075 10.6325 11.1725 11.7213 12.2714 12.8135 13.3361 13.8262 14.2694 14.65 14.9517 15.1585 15.2554 15.2295 15.07 14.769 14.3237 13.7348 13.0074 12.1505 11.1768 10.1022 8.94548 7.7272 6.46928 5.19424 3.92454 2.68166 1.4854 0.352625 -0.701791 -1.66623 -2.53384 -3.30092 -3.96708 -4.5349 -5.00932 -5.39708 -5.70595 -5.9442 -6.11998 -6.24084 -6.31337 -6.34287 -6.33315 -6.2864 -6.20315
4.21701 4.38333 4.55711 4.7395 4.93164 5.13474 5.35002 5.57871 5.82204 6.08125 6.3575 6.65189 6.96537 7.29868 7.65229 8.02625 8.42009 8.83274 9.2621 9.70503 10.1575 10.614 11.0673 11.5089 11.9284 12.3142 12.6533 12.932 13.136 13.2517 13.2661 13.1683 12.9499 12.6059 12.1343 11.5369 10.8197 9.99166 9.06544 8.05619 6.98129 5.85961 4.71105 3.55574 2.4133 1.30225 0.239452 -0.760335 -1.68559 -2.52795 -3.28168 -3.94445 -4.51685 -5.00204 -5.4052 -5.73304 -5.99321 -6.19378 -6.34281 -6.44796 -6.51621 -6.55365 -6.5654 -6.55557 -6.52737
4.09107 4.2423 4.39961 4.56395 4.73627 4.91755 5.10876 5.31088 5.52488 5.75168 5.99219 6.24719 6.51736 6.80317 7.10485 7.42224 7.75471 8.10096 8.4591 8.82641 9.19876 9.57087 9.93633 10.2873 10.6144 10.9073 11.1544 11.3434 11.4621 11.4985 11.4419 11.2833 11.0159 10.636 10.1433 9.54078 8.83477 8.03487 7.1534 6.205 5.20602 4.174 3.12686 2.08238 1.05778 0.068921 -0.870139 -1.7477 -2.55435 -3.2834 -3.93128 -4.49705 -4.98223 -5.39046 -5.72715 -5.99893 -6.21327 -6.37801 -6.50101 -6.58987 -6.65173 -6.69314 -6.72001 -6.73772 -6.75123
3.97045 4.1073 4.24896 4.39619 4.54974 4.71038 4.87886 5.0559 5.24223 5.43851 5.64538 5.86338 6.09294 6.33432 6.58756 6.85239 7.12813 7.41367 7.707 8.00527 8.30505 8.60174 8.88935 9.16074 9.40756 9.62035 9.78877 9.90195 9.94895 9.91934 9.80379 9.59476 9.28703 8.87826 8.36913 7.76359 7.06871 6.29444 5.45315 4.55917 3.62813 2.67631 1.72022 0.775871 -0.141881 -1.01962 -1.8458 -2.61097 -3.30827 -3.9333 -4.48396 -4.96051 -5.36534 -5.70258 -5.97778 -6.19751 -6.36901 -6.49981 -6.59749 -6.66946 -6.72278 -6.76413 -6.79982 -6.83582 -6.87803
3.85595 3.97929 4.10627 4.23748 4.3735 4.51489 4.66218 4.81588 4.97646 5.14438 5.32001 5.50368 5.69562 5.89594 6.10456 6.32117 6.54509 6.77515 7.0098 7.24693 7.4831 7.71405 7.93464 8.13849 8.31808 8.46483 8.56933 8.62165 8.61183 8.53038 8.36896 8.12095 7.78215 7.35111 6.82943 6.22192 5.53637 4.78332 3.97552 3.12733 2.25411 1.37157 0.494925 -0.36152 -1.18468 -1.96332 -2.68823 -3.35246 -3.95117 -4.48175 -4.94385 -5.33896 -5.67029 -5.94243 -6.16107 -6.3327 -6.46429 -6.56301 -6.63609 -6.69058 -6.73331 -6.77082 -6.8094 -6.85516 -6.91421
