MatLab_Code/Ut_3D.grd
DSAA
101 101
-2500 2500
-2500 2500
-22.4777 114.037
[rows 0 to 27 of 101, columns 0 to 64 of 101]
4.34532 4.43645 4.52858 4.62165 4.71559 4.81031 4.90568 5.00156 5.09776 5.19408 5.29026 5.38603 5.48107 5.57502 5.66752 5.75812 5.84639 5.93183 6.01396 6.0923 6.16628 6.23534 6.29898 6.35665 6.40787 6.45217 6.4891 6.51829 6.53943 6.55225 6.5566 6.55238 6.5396 6.51837 6.48888 6.45145 6.40648 6.35445 6.29595 6.23165 6.16227 6.0886 6.01145 5.93169 5.85015 5.76768 5.6851 5.60316 5.52255 5.44388 5.36765 5.29426 5.22395 5.15684 5.09292 5.03201 4.97378 4.91779 4.86344 4.81002 4.75675 4.70276 4.64715 4.589 4.52744
4.41575 4.51373 4.61292 4.71328 4.81475 4.91722 5.02058 5.12468 5.22933 5.3343 5.43934 5.54414 5.64835 5.75161 5.85347 5.95349 6.05116 6.14597 6.23734 6.32465 6.40734 6.4848 6.55642 6.62159 6.67973 6.73029 6.77276 6.8067 6.83173 6.84754 6.85391 6.85073 6.83799 6.81579 6.78435 6.744 6.69519 6.63848 6.57453 6.50411 6.42804 6.34723 6.26264 6.17525 6.08605 5.99604 5.90616 5.8173 5.73028 5.64581 5.5645 5.48681 5.41304 5.34334 5.27768 5.21586 5.15749 5.10202 5.04872 4.99674 4.94511 4.89275 4.83853 4.78132 4.72
4.48766 4.59282 4.69945 4.8075 4.91692 5.02763 5.1395 5.25238 5.36607 5.48036 5.59494 5.70952 5.82371 5.9371 6.04922 6.15958 6.26761 6.37271 6.47427 6.57166 6.66416 6.75107 6.8317 6.90536 6.97138 7.02912 7.07798 7.11744 7.14703 7.16639 7.17524 7.17344 7.16095 7.13786 7.1044 7.06094 7.00798 6.94615 6.8762 6.799 6.71551 6.62678 6.53392 6.43806 6.34036 6.24199 6.14406 6.04761 5.95361 5.86293 5.77626 5.69418 5.61704 5.54504 5.47815 5.41612 5.35851 5.30463 5.25364 5.20448 5.15595 5.10673 5.05543 5.00062 4.94089
4.56105 4.67376 4.7882 4.90437 5.02221 5.14166 5.26258 5.38484 5.50824 5.63253 5.75743 5.88259 6.00762 6.13206 6.25542 6.37714 6.4966 6.61316 6.7261 6.83466 6.93809 7.03561 7.12641 7.2097 7.28469 7.35064 7.40686 7.45271 7.48764 7.51122 7.52309 7.52307 7.51107 7.48719 7.45167 7.40489 7.34743 7.27998 7.2034 7.11869 7.02695 6.92939 6.82728 6.72197 6.61481 6.50714 6.40029 6.29548 6.19388 6.09649 6.00418 5.91761 5.83724 5.76332 5.69582 5.63447 5.57874 5.52784 5.48072 5.43612 5.39257 5.34845 5.30202 5.25152 5.19516
4.63595 4.75656 4.87923 5.00395 5.1307 5.25941 5.38998 5.52226 5.65605 5.7911 5.92712 6.06375 6.20056 6.33706 6.47271 6.60691 6.73896 6.86814 6.99367 7.11475 7.23046 7.33991 7.44219 7.53639 7.62159 7.69694 7.76162 7.81488 7.85606 7.88462 7.90015 7.90238 7.89119 7.86666 7.82902 7.77871 7.71635 7.64272 7.55882 7.46575 7.36481 7.25738 7.14494 7.02905 6.91129 6.79325 6.67647 6.56241 6.45245 6.3478 6.2495 6.15835 6.07494 5.99957 5.93225 5.87269 5.82025 5.77402 5.73274 5.6949 5.6587 5.62215 5.58313 5.5394 5.48876
4.71233 4.84122 4.97253 5.10626 5.24243 5.38096 5.52178 5.66475 5.80967 5.9563 6.10431 6.25335 6.40295 6.5526 6.70171 6.8496 6.99555 7.13875 7.27832 7.41328 7.5427 7.66555 7.78077 7.88732 7.98415 8.07025 8.14465 8.20648 8.25495 8.2894 8.30932 8.31436 8.30435 8.27934 8.23956 8.18549 8.11779 8.03737 7.94533 7.84297 7.73173 7.61323 7.48919 7.36142 7.23177 7.1021 6.97422 6.84989 6.73071 6.61816 6.51347 6.41766 6.33144 6.25522 6.18904 6.1326 6.0852 6.04574 6.01276 5.98442 5.95856 5.93276 5.90436 5.87061 5.82872
4.79014 4.9277 5.06806 5.21129 5.35738 5.50633 5.65805 5.81241 5.96924 6.12829 6.28924 6.45169 6.61518 6.77916 6.94298 7.10592 7.26717 7.42582 7.58091 7.73142 7.8762 8.0141 8.14392 8.26446 8.37451 8.47288 8.55846 8.6302 8.68716 8.72855 8.75372 8.76224 8.75387 8.72861 8.68668 8.6286 8.5551 8.4672 8.36613 8.25337 8.1306 7.99967 7.86258 7.72143 7.57839 7.43563 7.2953 7.15946 7.03006 6.90884 6.79732 6.69673 6.60799 6.53162 6.46776 6.41609 6.37584 6.34575 6.32409 6.30869 6.29693 6.28585 6.2722 6.25254 6.22337
4.86931 5.01592 5.16578 5.31897 5.47554 5.63549 5.79877 5.96528 6.13484 6.30722 6.48208 6.65904 6.8376 7.01717 7.19706 7.3765 7.55459 7.73037 7.90273 8.07048 8.23241 8.38719 8.53347 8.66983 8.7949 8.9073 9.0057 9.08888 9.15572 9.20525 9.23669 9.24948 9.24328 9.21805 9.17401 9.11167 9.03186 8.93569 8.82458 8.70021 8.56449 8.41957 8.26775 8.11149 7.95332 7.79578 7.64142 7.49268 7.35187 7.2211 7.1022 6.9967 6.90576 6.83009 6.76994 6.72502 6.69449 6.67693 6.67034 6.67213 6.67916 6.68783 6.69415 6.69385 6.68254
4.94972 5.10577 5.26556 5.42921 5.5968 5.76838 5.94392 6.12334 6.30649 6.49314 6.68297 6.87558 7.07045 7.26697 7.46441 7.66192 7.85854 8.05317 8.24463 8.43162 8.61273 8.78645 8.95124 9.10551 9.24763 9.37603 9.48914 9.58552 9.66383 9.72291 9.7618 9.77979 9.77643 9.7516 9.70549 9.63865 9.55197 9.44669 9.32441 9.18702 9.03675 8.87605 8.7076 8.53424 8.35892 8.18465 8.01441 7.8511 7.69748 7.55608 7.42914 7.31855 7.22578 7.15179 7.09699 7.06118 7.04347 7.04229 7.05533 7.07955 7.11121 7.14595 7.17887 7.20466 7.21783
5.03124 5.19711 5.36725 5.54185 5.72103 5.90486 6.09337 6.2865 6.48412 6.68603 6.89193 7.1014 7.31392 7.52885 7.74541 7.96269 8.17965 8.39511 8.60774 8.81607 9.01854 9.21347 9.39909 9.57357 9.73505 9.88168 10.0116 10.1232 10.2148 10.2851 10.3328 10.3571 10.3573 10.3334 10.2853 10.2137 10.1196 10.0042 9.86949 9.71754 9.55089 9.37237 9.18509 8.99234 8.79756 8.60428 8.41601 8.2362 8.06811 7.91481 7.77902 7.66309 7.56887 7.49767 7.45014 7.4262 7.425 7.44482 7.48304 7.53614 7.59968 7.66839 7.73627 7.79676 7.84295
5.11368 5.28974 5.47067 5.65671 5.84803 6.04475 6.24694 6.45459 6.6676 6.88581 7.10892 7.33652 7.56809 7.80296 8.04032 8.2792 8.51846 8.75682 8.99282 9.22486 9.45116 9.66982 9.87883 10.0761 10.2595 10.4269 10.5761 10.7052 10.8122 10.8955 10.9537 10.9855 10.9903 10.9678 10.9179 10.8414 10.7391 10.6127 10.4641 10.2958 10.1107 9.91205 9.70343 9.48866 9.27175 9.05683 8.84802 8.64939 8.46487 8.29813 8.15248 8.03083 7.93555 7.86836 7.83027 7.82144 7.8411 7.88744 7.95757 8.04741 8.15177 8.2643 8.3777 8.48383 8.57404
5.19683 5.38343 5.57557 5.77352 5.97752 6.18777 6.40436 6.62736 6.85671 7.09226 7.33376 7.58082 7.83291 8.08935 8.3493 8.61171 8.87539 9.13893 9.40074 9.65901 9.91178 10.1569 10.3922 10.6152 10.8234 11.0143 11.1856 11.3347 11.4595 11.558 11.6284 11.6694 11.6799 11.6594 11.608 11.5263 11.4152 11.2765 11.1125 10.9259 10.7201 10.4987 10.2658 10.026 9.78393 9.54431 9.31204 9.09195 8.88867 8.70662 8.54986 8.42195 8.32592 8.26406 8.23786 8.24784 8.29343 8.37283 8.4829 8.61905 8.7752 8.94382 9.116 9.28169 9.43003
5.28042 5.4779 5.68163 5.89196 6.10919 6.33358 6.5653 6.80447 7.05109 7.30507 7.56618 7.83407 8.10821 8.38792 8.67232 8.96033 9.25067 9.5418 9.83199 10.1193 10.4015 10.6762 10.9408 11.1926 11.4288 11.6465 11.8429 12.015 12.1604 12.2765 12.3613 12.4131 12.4306 12.4131 12.3605 12.2734 12.1528 12.0007 11.8195 11.6124 11.3832 11.136 10.8758 10.6075 10.3366 10.0688 9.80969 9.56497 9.34016 9.14056 8.97108 8.83615 8.73957 8.68439 8.67275 8.70571 8.78306 8.90317 9.06273 9.2567 9.47807 9.71795 9.96555 10.2085 10.4331
5.36414 5.57282 5.78851 6.01165 6.24262 6.48175 6.72931 6.98547 7.25031 7.5238 7.80575 8.09586 8.39363 8.69837 9.0092 9.32497 9.64433 9.96565 10.287 10.6063 10.921 11.2286 11.526 11.8102 12.078 12.326 12.5508 12.7493 12.9183 13.0549 13.1565 13.2212 13.2472 13.2337 13.1803 13.0877 12.9568 12.7899 12.5896 12.3596 12.104 11.8279 11.5365 11.2358 10.9322 10.6321 10.3423 10.0693 9.81966 9.59979 9.4156 9.27253 9.1754 9.1282 9.13395 9.19449 9.31021 9.47984 9.70015 9.96569 10.2686 10.5984 10.9422 11.2847 11.6089
5.44765 5.66779 5.89577 6.13212 6.37732 6.63178 6.89585 7.1698 7.45379 7.74786 8.0519 8.36564 8.68864 9.02023 9.3595 9.7053 10.0562 10.4104 10.7659 11.1204 11.4711 11.815 12.149 12.4694 12.7727 13.0548 13.3121 13.5406 13.7367 13.8969 14.0181 14.098 14.1344 14.126 14.0725 13.9742 13.8324 13.6492 13.4278 13.1721 12.887 12.578 12.2514 11.914 11.573 11.2361 10.9109 10.6053 10.3271 10.0836 9.88223 9.7295 9.63149 9.5934 9.61943 9.71248 9.87388 10.1031 10.3971 10.7505 11.1545 11.5972 12.0631 12.5335 12.9869
5.53054 5.76237 6.00293 6.25286 6.51272 6.78304 7.06427 7.35677 7.66081 7.97651 8.30386 8.64265 8.99251 9.35278 9.72258 10.1007 10.4857 10.8757 11.2685 11.6615 12.0518 12.436 12.8105 13.1714 13.5144 13.835 14.1289 14.3915 14.6186 14.806 14.9501 15.0477 15.0965 15.0948 15.0419 14.938 14.7844 14.5834 14.3386 14.0543 13.736 13.39 13.0236 12.6444 12.2609 11.8819 11.5163 11.1732 10.8617 10.5909 10.3691 10.2046 10.1049 10.0767 10.1258 10.2565 10.4714 10.7713 11.154 11.6142 12.1427 12.7261 13.3461 13.98 14.6007
5.61238 5.85607 6.10946 6.37326 6.64817 6.93482 7.23379 7.54556 7.8705 8.20884 8.56069 8.92592 9.30423 9.69503 10.0974 10.5103 10.9321 11.3608 11.7941 12.2292 12.6629 13.0915 13.5109 13.9167 14.3041 14.6679 15.0031 15.3044 15.5667 15.7853 15.9557 16.0743 16.1379 16.1445 16.0931 15.9836 15.8175 15.5972 15.3264 15.0103 14.6548 14.2673 13.8559 13.4295 12.9977 12.5706 12.1587 11.7724 11.4225 11.1194 10.8734 10.6944 10.5916 10.5736 10.6481 10.8213 11.0981 11.4807 11.9685 12.5573 13.2378 13.9953 14.8089 15.6508 16.4875
5.69267 5.94835 6.21472 6.49264 6.78291 7.08632 7.40355 7.73522 8.08184 8.44378 8.82125 9.21425 9.62257 10.0457 10.4828 10.9328 11.394 11.8645 12.3416 12.8225 13.3037 13.781 14.2499 14.7054 15.1421 15.5542 15.9357 16.2807 16.583 16.8372 17.038 17.1808 17.2619 17.2788 17.2299 17.1152 16.9357 16.6943 16.3951 16.0436 15.6467 15.2127 14.7506 14.2709 13.7843 13.3026 12.8377 12.4018 12.0074 11.6666 11.3916 11.1943 11.0861 11.0777 11.1793 11.3997 11.7463 12.2241 12.835 13.5766 14.4407 15.4121 16.4671 17.5727 18.687
5.77088 6.03859 6.31805 6.61025 6.91613 7.23661 7.57253 7.92465 8.29365 8.68003 9.08416 9.50619 9.94601 10.4032 10.8771 11.3665 11.8699 12.3851 12.9095 13.44 13.9727 14.5032 15.0264 15.5368 16.0281 16.4939 16.9272 17.3211 17.6687 17.9633 18.1988 18.3696 18.4714 18.5007 18.4557 18.3359 18.1425 17.8783 17.5478 17.1572 16.7143 16.2282 15.7095 15.1696 14.6213 14.0776 13.5523 13.0595 12.6135 12.2286 11.9189 11.6986 11.5815 11.5811 11.7103 11.9814 12.4051 12.9904 13.7429 14.6636 15.7468 16.9782 18.332 19.7698 21.2397
5.84643 6.12614 6.41871 6.72526 7.04689 7.38466 7.7396 8.11262 8.50457 8.91614 9.34785 9.80003 10.2727 10.7657 11.2782 11.8093 12.3574 12.9204 13.4955 14.0794 14.6678 15.2561 15.8386 16.4091 16.9606 17.4857 17.9766 18.4253 18.8237 19.1639 19.4388 19.6418 19.7675 19.8118 19.7722 19.6478 19.4398 19.1509 18.7863 18.3527 17.8587 17.3148 16.7328 16.1257 15.5078 14.8941 14.3004 13.7427 13.2373 12.8008 12.4496 12.2004 12.0696 12.074 12.2298 12.5533 13.0599 13.7635 14.6754 15.8021 17.1428 18.686 20.406 22.2591 24.1821
5.9187 6.21031 6.51591 6.83678 7.17419 7.52938 7.90352 8.29775 8.71309 9.15042 9.61049 10.0938 10.6006 11.1307 11.6837 12.2586 12.854 13.4676 14.0966 14.7376 15.386 16.0367 16.6835 17.3194 17.9369 18.5273 19.0819 19.5913 20.0464 20.4378 20.7572 20.9969 21.1502 21.2123 21.1798 21.0514 20.8281 20.5128 20.1111 19.6303 19.0801 18.4722 17.8198 17.1378 16.4422 15.75 15.0789 14.4474 13.8739 13.3773 12.9767 12.6912 12.5405 12.5445 12.7237 13.0989 13.6913 14.5215 15.6082 16.9664 18.6033 20.5142 22.6765 25.0432 27.5389
5.98707 6.29035 6.6088 6.94386 7.29696 7.66953 8.06294 8.47852 8.91751 9.38103 9.87002 10.3852 10.9271 11.4956 12.0907 12.7113 13.3562 14.0231 14.7092 15.4108 16.1233 16.8409 17.5569 18.2638 18.9529 19.6147 20.2391 20.8156 21.3333 21.7819 22.1512 22.4321 22.617 22.6997 22.6761 22.5445 22.3054 21.962 21.52 20.9879 20.3761 19.6978 18.9678 18.2028 17.4208 16.6409 15.8833 15.1684 14.5174 13.9515 13.4923 13.1619 12.9831 12.9795 13.176 13.5988 14.2758 15.2359 16.5079 18.1183 20.0869 22.4211 25.1068 28.0985 31.3091
6.05085 6.36549 6.6965 7.04548 7.41405 7.80382 8.21638 8.65329 9.11601 9.6059 10.1242 10.6718 11.2494 11.8575 12.4958 13.1637 13.86 14.5827 15.3287 16.0943 16.8746 17.6634 18.4535 19.2365 20.0029 20.7421 21.4425 22.0923 22.679 23.1905 23.6152 23.9424 24.1629 24.2694 24.2569 24.1228 23.8674 23.4941 23.009 22.4211 21.7424 20.9872 20.1721 19.3158 18.4385 17.5616 16.7076 15.8994 15.1607 14.5152 13.9874 13.6021 13.3853 13.3643 13.5688 14.0308 14.7857 15.8723 17.3316 19.2055 21.5319 24.3372 27.6247 31.3581 35.4434
6.10935 6.43493 6.77809 7.14059 7.52425 7.93088 8.36231 8.8203 9.3066 9.82281 10.3704 10.9507 11.5646 12.2127 12.8952 13.6117 14.3611 15.1414 15.9497 16.7822 17.6336 18.4976 19.3662 20.2303 21.0794 21.9016 22.6841 23.4133 24.0751 24.6555 25.141 25.5193 25.7795 25.913 25.9135 25.7778 25.5059 25.101 24.5697 23.922 23.1708 22.3322 21.4247 20.4689 19.4873 18.504 17.5437 16.6321 15.7954 15.0598 14.4523 14.0008 13.7343 13.6837 13.8832 14.371 15.1904 16.3907 18.0276 20.1614 22.8538 26.1591 30.1091 34.6897 39.8101
6.16187 6.49786 6.85262 7.22811 7.62632 8.0493 8.49908 8.97771 9.48718 10.0294 10.6061 11.2189 11.8691 12.5576 13.2848 14.0506 14.8541 15.6935 16.5661 17.4677 18.3932 19.3356 20.2866 21.2362 22.1728 23.0833 23.9534 24.7677 25.5103 26.1652 26.7169 27.1511 27.4551 27.6186 27.6342 27.4979 27.2091 26.771 26.1908 25.4791 24.6504 23.7222 22.715 21.6518 20.5574 19.4583 18.3822 17.357 16.4117 15.5751 14.8767 14.3469 14.0174 13.9226 14.1008 14.5958 15.4584 16.7489 18.538 20.9073 23.9467 27.7462 32.3793 37.8712 44.1515
6.20773 6.55347 6.91915 7.30693 7.71899 8.1576 8.62503 9.12359 9.65555 10.2231 10.8284 11.4733 12.1594 12.8879 13.6598 14.4751 15.3332 16.2326 17.1705 18.143 19.1445 20.168 21.2044 22.2431 23.2713 24.2746 25.2372 26.1417 26.9703 27.7047 28.3273 28.8216 29.1729 29.3693 29.402 29.2659 28.9599 28.4872 27.8554 27.0762 26.1652 25.1417 24.0282 22.8501 21.6349 20.4116 19.2105 18.0624 16.9987 16.0506 15.2499 14.6292 14.2227 14.0673 14.2046 14.683 15.56 16.9055 18.8043 21.3591 24.6895 28.9266 34.1956 40.5781 48.0455
6.24623 6.60094 6.97675 7.37596 7.80099 8.25431 8.73846 9.25599 9.80948 10.4014 11.0343 11.7103 12.4315 13.1995 14.0154 14.8797 15.7922 16.7516 17.7552 18.7992 19.878 20.984 22.108 23.2382 24.361 25.4607 26.5195 27.5183 28.437 29.2552 29.9527 30.5108 30.9127 31.1444 31.1958 31.0605 30.7371 30.2287 29.5431 28.693 27.6955 26.5717 25.3463 24.047 22.7039 21.3489 20.0149 18.7354 17.5441 16.4748 15.5611 14.8374 14.3395 14.1061 14.181 14.6153 15.4713 16.8257 18.7749 21.4383 24.9627 29.5176 35.2826 42.403 50.9108
6.2767 6.63951 7.02447 7.43413 7.87106 8.33798 8.83766 9.37293 9.94666 10.5617 11.2208 11.9266 12.6815 13.4876 14.3462 15.2585 16.2244 17.2428 18.3115 19.4267 20.5827 21.7718 22.984 24.2071 25.4262 26.6241 27.7816 28.8774 29.8892 30.794 31.5693 32.1936 32.6482 32.9169 32.9881 32.8542 32.5131 31.9677 31.2265 30.303 29.2159 27.9878 26.646 25.2204 23.7441 22.2513 20.7782 19.3606 18.0348 16.8359 15.8001 14.962 14.3594 14.0306 14.0211 14.3816 15.1776 16.487 18.4144 21.0864 24.6712 29.3606 35.3838 42.9304 52.1085
